numCoefsTotal=114
numCol=34
numLin=34
matbeg
0;4;8;10;14;18;20;24;28;30;34;38;40;44;48;50;54;58;60;64;68;70;74;78;80;81;82;83;84;89;94;99;104;109;
matcnt
4;4;2;4;4;2;4;4;2;4;4;2;4;4;2;4;4;2;4;4;2;4;4;2;1;1;1;1;5;5;5;5;5;5;
matval
1;-1;1;1;1;-1;1;1;1;1;-1;1;1;1;-1;1;1;1;1;1;1;-1;1;1;1;-1;1;1;1;1;-1;1;1;1;-1;1;1;1;1;1;1;-1;1;1;1;-1;1;1;1;1;-1;1;1;1;-1;1;1;1;1;1;1;-1;1;1;1;-1;1;1;1;1;-1;1;1;1;-1;1;1;1;1;1;-1;-1;-1;-1;-1;-1;-1;-1;-1;-1;-1;-1;-1;-1;-1;-1;-1;-1;-1;-1;-1;-1;-1;-1;-1;-1;-1;-1;-1;-1;-1;-1;-1;-1;
matind
0;2;4;28;0;2;5;29;6;30;0;2;10;28;0;2;11;29;12;30;1;3;16;28;1;3;17;29;18;30;1;3;22;28;1;3;23;29;24;30;0;2;7;31;0;2;8;32;9;33;0;2;13;31;0;2;14;32;15;33;1;3;19;31;1;3;20;32;21;33;1;3;25;31;1;3;26;32;27;33;0;2;1;3;4;10;16;22;28;7;13;19;25;31;5;11;17;23;29;8;14;20;26;32;6;12;18;24;30;9;15;21;27;33;